0
0
0
15
14
1
16
14
1
17
14
1
18
14
1
19
14
1
19
13
1
19
12
1
20
12
1
20
11
1
21
11
1
21
10
1
22
10
1
22
11
1
23
11
1
23
12
1
24
12
1
24
13
1
25
13
1
25
14
1
26
14
1
27
14
1
27
15
1
28
15
1
27
15
1
28
15
1
27
15
1
28
15
1
29
15
1
28
15
1
27
15
1
27
16
1
26
16
1
25
16
1
24
16
1
23
16
1
32
13
3
32
12
3
32
11
3
31
11
3
30
11
3
37
17
2
37
18
2
38
18
2
38
19
2
39
19
2
38
19
2
38
20
2
37
20
2
36
20
2
35
20
2
34
20
2
34
19
2
25
18
4
24
18
4
23
18
4
22
18
4
22
17
4
0
0
0
0
0
0
0
0
0
0
0
0
0
0
0
0
0
0
0
0
0
0
0
0
0
0
0
0
0
0
0
0
0
0
0
0
0
0
0
0
0
0
0
0
0
0
0
0
0
0
0
0
0
0
0
0
0
0
0
0
0
0
0
0
0
0
0
0
0
0
0
0
0
0
0
0
0
0
0
0
0
0
0
0
0
0
0
0
0
0
0
0
0
0
0
0
0
0
0
0
0
0
0
0
0
0
0
0
0
0
0
0
0
0
0
0
0
0
0
0
0
0
0
0
0
0
0
0
0
0
0
0
0
0
0
0
0
0
0
0
0
0
0
0
0
0
0
0
0
0
0
0
0
0
0
0
0
0
0
0
0
0
0
0
0
0
0
0
0
0
0
0
0
0
0
0
0
0
0
0
0
0
0
0
0
0
0
0
0
0
0
0
0
0
0
0
0
0
0
0
0
0
0
0
0
0
0
0
0
0
0
0
0
0
0
0
